1.549130145350281396e+01 3.450346333817805866e-01 3.941652878803109661e-01 9.550013333504794311e-01
1.549332723382220856e+01 4.558044875791993911e-01 3.968330257060099786e-01 9.617991237256879877e-01
1.528037570435444792e+01 5.046817020350651273e-01 4.046578804371978033e-01 9.823689243160943496e-01
1.524339085381443581e+01 5.749412966988896034e-01 4.016749492301444069e-01 9.758443142038862872e-01
1.516982702953183626e+01 6.359198827768995921e-01 4.030560343215011665e-01 9.786617385597066177e-01
1.522575823193782618e+01 6.993756847590066883e-01 4.100549838612072007e-01 9.952884547928775305e-01
1.532892644994988096e+01 7.699999809265136719e-01 4.095189960976869936e-01 9.932183188244257943e-01
1.527104641716522693e+01 8.009809873777875566e-01 4.247674053527127347e-01 1.030742105011949628e+00
1.526862556974442775e+01 8.966330361947729699e-01 4.292729708392410415e-01 1.041561989855344317e+00
1.529090979063041544e+01 9.496124104060444937e-01 4.133825467037863244e-01 1.002248282512006261e+00
1.523894468748678754e+01 1.017537117918313472e+00 4.136219609075535431e-01 1.002150588722257707e+00
1.539273083722467206e+01 1.136000843570901031e+00 4.169486164480294410e-01 1.009551855031380896e+00
1.541148003014377643e+01 1.210116242726982705e+00 4.246568377617306878e-01 1.028246159420725725e+00
1.541118162710449369e+01 1.280144353560160209e+00 4.016188361249419247e-01 9.721640448664005119e-01
1.530673410685677283e+01 1.344282446974519596e+00 3.967990070974720118e-01 9.602352069304777027e-01
1.528823964917883949e+01 1.453235906144709322e+00 4.030085749264239459e-01 9.744635305739159925e-01
1.525519253321186675e+01 1.500000000000000000e+00 4.103098603855765414e-01 9.927126200072476925e-01
1.527198630417210978e+01 1.539285569618221716e+00 4.102201636182752909e-01 9.936417812813446160e-01
1.528274478417401205e+01 1.624608567581571128e+00 4.181363531219297602e-01 1.014611308923011768e+00
1.540316287000948137e+01 1.852480174591127238e+00 4.110711015828442116e-01 9.970873995091023012e-01
1.545786356704037523e+01 2.171157544647387638e+00 4.264077612109123394e-01 1.034391145769744558e+00
1.524759673040788321e+01 2.519829504529619513e+00 4.267971687787328050e-01 1.036309995093630754e+00
1.522580948515362032e+01 2.802112184882284751e+00 4.224363567910926487e-01 1.025528849280027410e+00
1.509994404645703625e+01 3.148020529306851945e+00 4.095477009814156855e-01 9.934570464744820750e-01
1.515804100267897780e+01 3.818574342393252774e+00 4.102098747779376331e-01 9.980268977830528687e-01
1.799095937968024828e+01 3.269327778437182142e-01 3.974117318276362276e-01 9.621354662752155118e-01
1.794456943443956476e+01 4.417118822881417883e-01 3.876712294177204199e-01 9.418741527532696889e-01
1.792654289123354161e+01 4.852774341418393811e-01 3.963017632065939377e-01 9.636606150835078655e-01
1.786528262496765507e+01 5.439606978055815389e-01 4.012451407587616647e-01 9.780373475473936873e-01
1.789654938041479681e+01 6.256869039701893342e-01 4.066139336595378517e-01 9.890877021800125179e-01
1.787945765950191301e+01 6.787010489619016429e-01 4.151443882857664414e-01 1.011624978357295035e+00
1.787850904430954913e+01 7.663107861080894478e-01 4.160503083737484009e-01 1.012359872150340179e+00
1.789551235446272415e+01 7.968537986604242729e-01 4.295728115512418843e-01 1.045080105247106372e+00
1.789289972463052791e+01 8.906748858011395154e-01 4.376098089943850078e-01 1.064799003055882487e+00
1.789333477595073063e+01 9.447378692219193796e-01 4.165674891367327493e-01 1.011625839926704407e+00
1.789321153123399455e+01 1.013565457869912922e+00 4.138558091639270575e-01 1.004246108584077035e+00
1.789523641397438425e+01 1.130759427908161863e+00 4.141428345262002653e-01 1.003963174692632743e+00
1.791176832235677807e+01 1.200106239241260031e+00 4.172429841144914553e-01 1.010619230070920027e+00
1.792114523669330239e+01 1.260128446316931994e+00 4.067363904159506105e-01 9.858420727169482367e-01
1.791506741022954330e+01 1.319499582393848458e+00 3.944510158417295353e-01 9.557903731907139155e-01
1.787114372053709843e+01 1.409548846786374154e+00 3.953265562502395469e-01 9.558012357286386207e-01
1.786731905004115006e+01 1.490000009536743164e+00 4.052742348340637180e-01 9.805607861241424361e-01
1.787686639456183713e+01 1.524729935654803414e+00 4.062248668988684419e-01 9.847766931971890791e-01
1.789722570776350352e+01 1.598358000133180745e+00 4.171041111695792947e-01 1.013809038872595103e+00
1.790955962250645683e+01 1.790205474283447007e+00 4.085324479131023367e-01 9.933696348169123169e-01
1.791846313840037652e+01 2.045943585969542955e+00 4.230119093877930392e-01 1.029166123564019264e+00
1.789272758098456251e+01 2.396049518966933078e+00 4.241358078520040542e-01 1.033762457167112458e+00
1.786304012964694365e+01 2.722926591693968668e+00 4.208308196482505315e-01 1.024900159894550189e+00
1.783058569176960262e+01 3.035059060447939938e+00 4.202018980069079368e-01 1.023243714862811515e+00
1.784815242207859498e+01 3.825493452911546743e+00 4.002754147260398354e-01 9.790671427105924751e-01
1.975285689342530659e+01 3.231963459290411733e-01 4.013614909431418853e-01 9.723638633264315434e-01
1.973359293481833276e+01 4.266981540428054220e-01 3.875846589923623853e-01 9.419843104631829833e-01
1.971771214554265583e+01 4.745828703978189900e-01 4.018318075048546989e-01 9.769911325372007127e-01
1.971623983469314112e+01 5.245454311370849609e-01 4.034969936332975515e-01 9.852996588534809197e-01
1.970383130083669343e+01 6.112510751340990423e-01 4.067982986535853551e-01 9.918906462542855795e-01
1.970793164816619836e+01 6.586613326095599463e-01 4.150152600996420138e-01 1.011805495159946000e+00
1.970268724332823851e+01 7.511789259556747034e-01 4.240412327138862181e-01 1.033151161490999614e+00
1.970171779631691678e+01 7.834637195914501140e-01 4.228532133059036968e-01 1.029208372658371617e+00
1.970106242605324454e+01 8.757662575161760943e-01 4.361657890692087758e-01 1.062248790910407248e+00
1.971677113890955013e+01 9.348028261016396723e-01 4.229119235327740700e-01 1.027961262910390028e+00
1.969912048561815610e+01 9.990528899992279221e-01 4.109590032924861358e-01 9.979192501833851203e-01
1.971748979956712233e+01 1.116274315313608323e+00 4.108605085130451751e-01 9.974534251649606054e-01
1.972552092070186802e+01 1.190273099637813692e+00 4.143667238628177540e-01 1.003820166427982219e+00
1.970999714099799860e+01 1.245032895391094296e+00 4.135084593743409420e-01 1.002047546770209685e+00
1.970778127759533049e+01 1.304992993451623784e+00 3.957632656652788627e-01 9.591862771368727669e-01
1.970848467977825891e+01 1.378159230495683785e+00 3.871738940498485881e-01 9.368261514009961211e-01
1.971270957749164410e+01 1.475868299878391410e+00 3.972427140705185877e-01 9.606993512083707998e-01
1.969887703229651521e+01 1.514922203216421570e+00 4.029403269585373759e-01 9.774045265990830567e-01
1.970135770433362055e+01 1.579577181997631641e+00 4.107777533580889706e-01 9.986275261280322946e-01
1.970887177890003628e+01 1.751112024451268345e+00 4.100476206618688946e-01 9.978358407463819857e-01
1.971433717085979964e+01 1.983563756170543035e+00 4.215231567128968626e-01 1.027834570222852406e+00
1.971507198667861971e+01 2.294809923482102221e+00 4.192947948734742081e-01 1.022992426318662273e+00
1.969102008638506973e+01 2.649862531148578615e+00 4.224716408958810177e-01 1.030952168945895808e+00
1.967914200110780243e+01 2.984681919852763432e+00 4.172691115843126242e-01 1.018812975921681963e+00
1.968170894755054334e+01 3.801980674100110313e+00 4.099148985733641060e-01 1.004929354514452644e+00
2.131331909193668039e+01 3.022497889110173364e-01 3.994462744330997128e-01 9.650949507327623023e-01
2.126376801450924958e+01 4.162682382397150938e-01 3.902513919981148716e-01 9.470864374093592719e-01
2.125250040783081928e+01 4.699999988079071045e-01 4.063470414473105974e-01 9.861323650272918462e-01
2.123945892733403795e+01 5.088101729818481633e-01 4.021014292427024239e-01 9.796510806133127414e-01
2.123774260129474101e+01 5.957678400540101782e-01 4.140130875375077624e-01 1.008817152839024400e+00
2.124195246557413341e+01 6.487035624698196390e-01 4.180506204020913441e-01 1.017527941220223830e+00
2.123971019977287966e+01 7.361618879509047586e-01 4.264517074886248760e-01 1.037773435654922194e+00
2.124338604866222369e+01 7.799999713897705078e-01 4.261606596647637413e-01 1.035768616796313157e+00
2.125455030266316570e+01 8.555250529529202508e-01 4.383406751678379787e-01 1.066119717536059053e+00
2.123938990875500465e+01 9.252764178922001648e-01 4.311742668547979829e-01 1.046651405565241166e+00
2.123494363634898008e+01 9.791530407733798347e-01 4.193573814510832554e-01 1.017191776100910161e+00
2.125219302897265194e+01 1.091932717886882731e+00 4.118896797494724926e-01 9.978306450441800646e-01
2.125545389338614655e+01 1.170424670556584168e+00 4.095232653378795273e-01 9.911401610212542401e-01
2.124738077346697906e+01 1.229983923804754298e+00 4.069176526665722049e-01 9.839230702005222762e-01
2.125439192537256261e+01 1.284983506198908554e+00 3.920191768549233235e-01 9.492340117496317342e-01
2.123224206181827611e+01 1.349445914632714016e+00 3.877083450273675624e-01 9.387794975249404983e-01
2.124555518935574128e+01 1.461940443273200607e+00 3.906403669835957215e-01 9.434202961510894658e-01
2.122852097129337423e+01 1.505060965192736466e+00 4.052477560878007812e-01 9.815716840041195379e-01
2.122960491580787945e+01 1.558773109124524492e+00 4.076805154196628256e-01 9.898573562721184604e-01
2.124740536289545645e+01 1.698817013251237018e+00 4.078414737791376532e-01 9.909040633167169876e-01
2.124341988951511695e+01 1.931469942787832350e+00 4.224300113416354918e-01 1.028730809139422497e+00
2.125608758157248701e+01 2.209346698422860911e+00 4.205340014678560223e-01 1.023101160524990894e+00
2.122749712933237021e+01 2.571093648430429202e+00 4.187161026173628620e-01 1.021171790932946077e+00
2.122120780060679124e+01 2.913800607616732208e+00 4.149620794332942730e-01 1.012308036104565101e+00
2.119447323962528529e+01 3.770103885949614764e+00 4.110570720739228912e-01 1.006116662513518500e+00
2.274573748522183791e+01 3.002553445370531038e-01 4.015011805526322863e-01 9.681406835324816162e-01
2.270829592182002798e+01 4.011021180881019776e-01 3.962713976696100593e-01 9.599107762080610895e-01
2.271807863075494538e+01 4.600000083446502686e-01 3.988751779487180182e-01 9.667970325812768051e-01
2.270017101760211276e+01 4.944418876133849783e-01 4.030693271784419052e-01 9.787078204783001834e-01
2.269905618925202617e+01 5.748165479973974534e-01 4.132364719715975188e-01 1.004894947769034763e+00
2.269341836591152273e+01 6.399999856948852539e-01 4.201124425137383045e-01 1.020878451220549765e+00
2.268989170387150978e+01 7.151338184296852640e-01 4.260390822582544312e-01 1.035391753894574496e+00
22.7 0.77 4.34e-1 1.05
2.270042067293237409e+01 8.349467444694500529e-01 4.413143893737180301e-01 1.071438035796482557e+00
2.270975984891741462e+01 9.154322550763589472e-01 4.394107165889307165e-01 1.065224408416292956e+00
2.269256859385558656e+01 9.647322606799096922e-01 4.186211804534020198e-01 1.013918278476468871e+00
2.269719875485839111e+01 1.059805025803107759e+00 4.109650493956648054e-01 9.940323021169037432e-01
2.269206256748379502e+01 1.155172687852689783e+00 4.144939037683080807e-01 1.002013210349848249e+00
2.270311009129192570e+01 1.214944635034450604e+00 4.075346219171344653e-01 9.850238824630004331e-01
2.269547538356556160e+01 1.270091297972997468e+00 3.931709325028129864e-01 9.501513097289873144e-01
2.270891522775733762e+01 1.329392370574115745e+00 3.931712130460438548e-01 9.512091463835932181e-01
2.268779858979949537e+01 1.430221144895814644e+00 3.885105194944877827e-01 9.370487098550116523e-01
2.269010087818700327e+01 1.494869480932379036e+00 3.984793230329399250e-01 9.632687209629259284e-01
2.269039774346578753e+01 1.544683501690248928e+00 4.050656333981106361e-01 9.817236711235536317e-01
2.268301345225930277e+01 1.651120890897268767e+00 4.138764623178021740e-01 1.005495087524261200e+00
2.269484246130289051e+01 1.874643462041248654e+00 4.154723574189921331e-01 1.008675133058576590e+00
2.270764614539311665e+01 2.133576760994817079e+00 4.253854928379536826e-01 1.033444548394518270e+00
2.267722332987055367e+01 2.477851622475054416e+00 4.252759106384832455e-01 1.035673185313931155e+00
2.268528570108482256e+01 2.858897462200875150e+00 4.147828435675805503e-01 1.009767025250642769e+00
2.265900655320336554e+01 3.736355030950973433e+00 4.144976455291741191e-01 1.013408992702067080e+00
2.420891332335619239e+01 2.974188403850632212e-01 4.025694353186219376e-01 9.702033678861615718e-01
2.415631179890423041e+01 3.877247039251577876e-01 3.974481691315320253e-01 9.625389410495174269e-01
2.415463879465777808e+01 4.600000083446502686e-01 4.015896280765677284e-01 9.737817681069925735e-01
2.413975231072683414e+01 4.900000095367431641e-01 4.077274598682195106e-01 9.897092553084261279e-01
2.413810150238045438e+01 5.543125444794037016e-01 4.118493019343921757e-01 1.002169756113681309e+00
2.414916105458213735e+01 6.299999952316284180e-01 4.213992712911251992e-01 1.022851076320181241e+00
2.414082369883344015e+01 6.944311180630245994e-01 4.298916409139109107e-01 1.045668044373473382e+00
2.414387200445997195e+01 7.699999809265136719e-01 4.266732266486110148e-01 1.035005765787495147e+00
2.414833098693750912e+01 8.138573225531333666e-01 4.390250899354157244e-01 1.065869336986335902e+00
2.415897678768166656e+01 9.012597842759476618e-01 4.418406412424399354e-01 1.071702798833968462e+00
2.415463133236401205e+01 9.446052040433542407e-01 4.258415760797010230e-01 1.031106408642176397e+00
2.415149630525351654e+01 1.028569728851318255e+00 4.110051005056729601e-01 9.949794998793355383e-01
2.414226581779191250e+01 1.130811410238439896e+00 4.104659453189332674e-01 9.930099859888432690e-01
2.414776559495664188e+01 1.195014805048095319e+00 4.102720783877263355e-01 9.907807254790850227e-01
2.415197587692419390e+01 1.254989146777888420e+00 3.962259722344451118e-01 9.570962601624678490e-01
2.415047103461479949e+01 1.304924163748844679e+00 3.885437294911024964e-01 9.400843413811980076e-01
2.413493244478803490e+01 1.388678427880922550e+00 3.841974487629892243e-01 9.278804956042244756e-01
2.416174625193827907e+01 1.480000019073486328e+00 3.846315333778686507e-01 9.267227055100405453e-01
2.414533447052866322e+01 1.524788647854654178e+00 4.052567132126542182e-01 9.821580156874912815e-01
2.413003233176042883e+01 1.611254390989031116e+00 4.140855479501394654e-01 1.006502236351828561e+00
2.414530312818172675e+01 1.822317248339236917e+00 4.098645715615172325e-01 9.955990444842799381e-01
2.415001901805811357e+01 2.063452771718873979e+00 4.274244276026292200e-01 1.039166278606170390e+00
2.413302943115111177e+01 2.377481991040917286e+00 4.254553364641542879e-01 1.036408200247564970e+00
2.411659656995114531e+01 2.801731918137357447e+00 4.188796329582318845e-01 1.021207556998166899e+00
2.411754853473454929e+01 3.689785956816686419e+00 4.131781457488851728e-01 1.012233718866522469e+00
2.569336819188677268e+01 2.844485730831343706e-01 4.047021847725890131e-01 9.760642737360741839e-01
2.564371949381691351e+01 3.690719268357225413e-01 4.045189138227058279e-01 9.818720385879752266e-01
2.565287417985859264e+01 4.499999880790710449e-01 3.982331921066985525e-01 9.674844950152200473e-01
2.564699537905871551e+01 4.799999892711639404e-01 4.061351084344984597e-01 9.876222048368321627e-01
2.562498494912082236e+01 5.292024373039815321e-01 4.134575350901022461e-01 1.008039316884669523e+00
2.564421736723871703e+01 6.155629424512676362e-01 4.177424586623929015e-01 1.016503287461539839e+00
2.563637451108132126e+01 6.727176271543661157e-01 4.240819279427355815e-01 1.032159818923645167e+00
2.562925126434268108e+01 7.599999904632568359e-01 4.269399692181974348e-01 1.038732404695341893e+00
2.564552040873628513e+01 7.932702327257193931e-01 4.353841647346335386e-01 1.058925718655468362e+00
2.563309624740579196e+01 8.804183393516796796e-01 4.445558041616838874e-01 1.080793826299174754e+00
2.564256274052621265e+01 9.348178198522104632e-01 4.269172943148490385e-01 1.035439445727672325e+00
2.562286651677438343e+01 9.936078114863413635e-01 4.115575898464955418e-01 9.983555366331908765e-01
2.563943783225971984e+01 1.105889726464814871e+00 4.059640799253736998e-01 9.838330856938420910e-01
2.564703974500746142e+01 1.175186359668153990e+00 4.071735644332966086e-01 9.847964421146204739e-01
2.564363548220944011e+01 1.234937787657428787e+00 3.983425831707851361e-01 9.634134056969323456e-01
2.563539360506496223e+01 1.284983102313687064e+00 3.874569709252408400e-01 9.384346513428172276e-01
2.561988482591251071e+01 1.349402906255694479e+00 3.847996379794484390e-01 9.322822356080930906e-01
2.563693562965708139e+01 1.462541095173085948e+00 3.820152172804721635e-01 9.216482630781116514e-01
2.561389677031205991e+01 1.514932658386477060e+00 3.976326392028987078e-01 9.650952010069034914e-01
2.562317250176040417e+01 1.584059996216914845e+00 4.122240324775020004e-01 1.003525546437467497e+00
2.563049324608730473e+01 1.770007919001896246e+00 4.082341826169173515e-01 9.926409411577630237e-01
2.564449665731999062e+01 1.999135047744508231e+00 4.310126286686644104e-01 1.051875952900467315e+00
2.562470509806082219e+01 2.285872431919532932e+00 4.240568490893770748e-01 1.034338599940778813e+00
2.560903775103285795e+01 2.732623501079843642e+00 4.190238681693306266e-01 1.024090205984492075e+00
2.559386305111940985e+01 3.648252098496556961e+00 4.166353112490966959e-01 1.023605055501848993e+00
2.726888227797426012e+01 2.685467026091182818e-01 4.083322370594928419e-01 9.860300158894815814e-01
2.718872085568403563e+01 3.662283820676968671e-01 4.031910200966378754e-01 9.815397138872010707e-01
2.721867212089150811e+01 4.456332445937954967e-01 3.975898452826661100e-01 9.690986325667624302e-01
2.721497137349095752e+01 4.699999988079071045e-01 4.084153682127590890e-01 9.959681620525843160e-01
2.719352089258562799e+01 5.191985519099869828e-01 4.135329704652299099e-01 1.011791422164524334e+00
2.720164935254378591e+01 6.005862463577111843e-01 4.170461239294926958e-01 1.020249448860189423e+00
2.721024571908623813e+01 6.543847680983664317e-01 4.232242661309750242e-01 1.032761335714007744e+00
2.721105940375155186e+01 7.511780625190296323e-01 4.296927032131960256e-01 1.048785307238275344e+00
2.719886590163457285e+01 7.799999713897705078e-01 4.309944702468305744e-01 1.051172510446138908e+00
2.720126397521136496e+01 8.605067663927707944e-01 4.470768645555454612e-01 1.089652349424290456e+00
2.720214651215941970e+01 9.200000166893005371e-01 4.378962658995956270e-01 1.065473508743162823e+00
2.719073143603416298e+01 9.690284626936346291e-01 4.134886865823433344e-01 1.005637540192918067e+00
2.720052591808446252e+01 1.070557235630426929e+00 4.029786187659735175e-01 9.788397268439278376e-01
2.721228732749786872e+01 1.155095102804362117e+00 4.023758769091448917e-01 9.773748609678145627e-01
2.721379991147048116e+01 1.214966864139957803e+00 3.969371618606647445e-01 9.627257280991723398e-01
2.720736516019237783e+01 1.265007677995241497e+00 3.859981966745960613e-01 9.365756272113476832e-01
2.719011963174262547e+01 1.314730914429909081e+00 3.821882101691015943e-01 9.294573477378548221e-01
2.718821807609554853e+01 1.414991616076482606e+00 3.713438070418149106e-01 8.994955074571111542e-01
2.718514684854338626e+01 1.494790549223209419e+00 3.885854425015097258e-01 9.441398798975189077e-01
2.718187588165453050e+01 1.549168867821464790e+00 4.035125823832750314e-01 9.838219777051960824e-01
2.718860653025735630e+01 1.711146022281210488e+00 4.054200452787455333e-01 9.900351478330917665e-01
2.719865505996144961e+01 1.953125345409140179e+00 4.235497359290251729e-01 1.037787966709565302e+00
2.719894062652456057e+01 2.197548557851838780e+00 4.247615295146913161e-01 1.038714595231211346e+00
2.718417518071753136e+01 2.641132178791200769e+00 4.179295018900637815e-01 1.025756029709970596e+00
2.714123409325839376e+01 3.607632338744887868e+00 4.249920294345099769e-01 1.050380270535005822e+00
2.894814982645240775e+01 2.538848660691954695e-01 4.116743328481372033e-01 9.938423410721844986e-01
2.887572715954076941e+01 3.600000143051147461e-01 4.053943428421208361e-01 9.887111779286577029e-01
2.889590315574173118e+01 4.356506419518239026e-01 4.000912441394967600e-01 9.760768353568003430e-01
2.887585666512883975e+01 4.699999988079071045e-01 4.090763936364089637e-01 9.982371849249901397e-01
2.888390804903710318e+01 5.044927830582942585e-01 4.117504650198043348e-01 1.008218485352175842e+00
2.886745101865344054e+01 5.854229963316043284e-01 4.202649071313312445e-01 1.029546270461408675e+00
2.887354741265515656e+01 6.444636249780634207e-01 4.262734105996935918e-01 1.041140990309224801e+00
2.888649314415551572e+01 7.252711351430084497e-01 4.378364769929133371e-01 1.070952013363805522e+00
2.888528685313216826e+01 7.799999713897705078e-01 4.345687501264592911e-01 1.061353711052545501e+00
2.889838237432978829e+01 8.352043257960017897e-01 4.426257395463186195e-01 1.080201104743318652e+00
2.888412313739758019e+01 9.056431948145451383e-01 4.447977503481659323e-01 1.082556354029824641e+00
2.888295621957446002e+01 9.546820291380645473e-01 4.199263981894074127e-01 1.021818097631558064e+00
2.889788165018479305e+01 1.028980605333100318e+00 4.080915172593108098e-01 9.918516975780333755e-01
2.887504027857212563e+01 1.130960452396908789e+00 3.991850876829412531e-01 9.708546410092137036e-01
2.887855454013241996e+01 1.190000057220458984e+00 3.997306554216454866e-01 9.695268255919233802e-01
2.888735522646022602e+01 1.234891761460871651e+00 3.834950954275168633e-01 9.297963123261329121e-01
2.889012313424284528e+01 1.294966512300497641e+00 3.810629425775518553e-01 9.265208600845389331e-01
2.886250676819569350e+01 1.363469051595554982e+00 3.768973920399452116e-01 9.162869884478083149e-01
2.888024053448987516e+01 1.475642143118329530e+00 3.775018523532865378e-01 9.132309240569836950e-01
2.885740330684464894e+01 1.529679949813129047e+00 3.987872832394788736e-01 9.745649666756209806e-01
2.886426779504439466e+01 1.640167545092821921e+00 4.064074328891756904e-01 9.950703158788384295e-01
2.887762935741397285e+01 1.880511087425116523e+00 4.115346925301141545e-01 1.007932748701604764e+00
2.886659472101024448e+01 2.122575517054817951e+00 4.281543043180214836e-01 1.048832271908543667e+00
2.884333089341174272e+01 2.539442082473024609e+00 4.177155243335579082e-01 1.027679382742751502e+00
2.880971568137126582e+01 3.507799748237149906e+00 4.191315895739072261e-01 1.038312613987920630e+00
3.079587076045047311e+01 2.447760881395563137e-01 4.149872751031113971e-01 1.001167211689400149e+00
3.074748387717363585e+01 3.499999940395355225e-01 4.088729791232800781e-01 9.939915349183776616e-01
3.072339228603744843e+01 4.252377454595707706e-01 3.995606423726872358e-01 9.760534585275906228e-01
3.072655243104792433e+01 4.600000083446502686e-01 4.078340330501923905e-01 9.950046599903222821e-01
3.072196238111233058e+01 4.940032049107780376e-01 4.151279192537136176e-01 1.014230700467387614e+00
3.073518063706758241e+01 5.646971297539669088e-01 4.213900581177508209e-01 1.032640848362024411e+00
3.072698431146039866e+01 6.353623089583023686e-01 4.263600780550665381e-01 1.041115434544512386e+00
3.070772581617684338e+01 7.048372472378425790e-01 4.420112657997422034e-01 1.080956384698656958e+00
3.073217527215129508e+01 7.699999809265136719e-01 4.328667028451089749e-01 1.057056960738888218e+00
3.072724541346502036e+01 8.139524448882732299e-01 4.421867171860520140e-01 1.079167408419843932e+00
3.073438979908949875e+01 8.953806976545268803e-01 4.463752906218882432e-01 1.086172438362474901e+00
3.073583211474515053e+01 9.349739965959227295e-01 4.285212530504710071e-01 1.042685183832710694e+00
3.071469220386091337e+01 9.892253936940125225e-01 4.106720779198669291e-01 9.998167003479301318e-01
3.072526381505028326e+01 1.096214746804216489e+00 3.971987345916532797e-01 9.656860767640828014e-01
3.073772673600291228e+01 1.165306911137124146e+00 3.960439914158033203e-01 9.609883100526389610e-01
3.071672307048480377e+01 1.214920621689628222e+00 3.855202945003319837e-01 9.343632485644698393e-01
3.071138997528192860e+01 1.264955033789836980e+00 3.762788013476724425e-01 9.132549460417913600e-01
3.070075717819448258e+01 1.319092007859052229e+00 3.789615417089501337e-01 9.229065082184659818e-01
3.069999348020630592e+01 1.430732993926528085e+00 3.609995087285786664e-01 8.735458720429231105e-01
3.069703968007150863e+01 1.499895478952377292e+00 3.851253353620053832e-01 9.375454493275022783e-01
3.069629737070805220e+01 1.577831270226908167e+00 4.080372731075430082e-01 9.987304625424235915e-01
3.069792722713584965e+01 1.801802041929274623e+00 4.029729072848874938e-01 9.859681109389292208e-01
3.072218682781123889e+01 2.052422830495941319e+00 4.266967144479972274e-01 1.046260543791925901e+00
3.067426203763439574e+01 2.405389897194087467e+00 4.173522549051794650e-01 1.026709700233316314e+00
3.062391532619808743e+01 3.388472162458529890e+00 4.149997674974750805e-01 1.030878769439546705e+00
3.283320121624738164e+01 2.308377054062560052e-01 4.110910628686232915e-01 9.919968802830603227e-01
3.276633179965703135e+01 3.499999940395355225e-01 4.084649516756742038e-01 9.932968351014325181e-01
3.275349217104871258e+01 4.105929734756955107e-01 4.006803161453343365e-01 9.798667929833368984e-01
3.274244165044003552e+01 4.600000083446502686e-01 4.103866347862069608e-01 1.002491789560478130e+00
3.274375302178852820e+01 4.849313960924468425e-01 4.139579678871614377e-01 1.010670273942402053e+00
3.273527691041613963e+01 5.441662766052655087e-01 4.211997043761323556e-01 1.032105179881273038e+00
3.274272397856229588e+01 6.257297290338051932e-01 4.303630738503560482e-01 1.051370888052407082e+00
3.276408319811132941e+01 6.792191021445331822e-01 4.343992590484166971e-01 1.064151156674040255e+00
3.272039085600782471e+01 7.663866131343790578e-01 4.338550086052881394e-01 1.060217443704055240e+00
3.276276606066794272e+01 7.934410016118691455e-01 4.357707283379239627e-01 1.063861333891669592e+00
3.276672900692386037e+01 8.704899001982923101e-01 4.504715357277918608e-01 1.098211649796678513e+00
3.276307999465789322e+01 9.200000166893005371e-01 4.339056452657201191e-01 1.057482957798329570e+00
3.274646967689060517e+01 9.645426315935389239e-01 4.135805676208860193e-01 1.007785166975695201e+00
3.274668721540345473e+01 1.049412074251301119e+00 4.025034967435628941e-01 9.797851478219898880e-01
3.274843235019882570e+01 1.140663586180049593e+00 3.939868883240478792e-01 9.589228623551913078e-01
3.275575989973139457e+01 1.195118140436939314e+00 3.855191410719403522e-01 9.352288737989042922e-01
3.274771997903718557e+01 1.234934427947909752e+00 3.735136885279463637e-01 9.062778433573709380e-01
3.273355411041769969e+01 1.284928714144616846e+00 3.747374210179187926e-01 9.119865853481081697e-01
3.269955256370311503e+01 1.357572016620635980e+00 3.700393771742685467e-01 9.010070973639020542e-01
3.272323236051332174e+01 1.475506221706216925e+00 3.693652564397174598e-01 8.953015640745565218e-01
3.270355320582875436e+01 1.539938004043465591e+00 4.035407815089243622e-01 9.875590642138417641e-01
3.268758950725303691e+01 1.724451179064530715e+00 3.981489275200182365e-01 9.756923344631588391e-01
3.274706331360639666e+01 1.986467892990888329e+00 4.290459443745475165e-01 1.055802530880579182e+00
3.268626808602512313e+01 2.279162356606672546e+00 4.222658943059708903e-01 1.039573137352584276e+00
3.262780948609528764e+01 3.219223628413633076e+00 4.146984563704227966e-01 1.032729994430083842e+00
3.510454367396437192e+01 2.240794925262703796e-01 4.146797614210054328e-01 1.001382729810218031e+00
3.503526792843314297e+01 3.359389698093080412e-01 4.043292415944615414e-01 9.844059246756625692e-01
3.501955563021896012e+01 4.014181186246837951e-01 4.025305440420376413e-01 9.841583151888140257e-01
3.501837511014633009e+01 4.499999880790710449e-01 4.162029690435767870e-01 1.018423079411791443e+00
3.502267066898223646e+01 4.799999892711639404e-01 4.156664264757818361e-01 1.014352627948946761e+00
3.499256378005782153e+01 5.193002095649258409e-01 4.192335784189947789e-01 1.027396426795728956e+00
3.498047267274237271e+01 6.116746111613947656e-01 4.301277038860104041e-01 1.053117912218056951e+00
3.502053467098291151e+01 6.544238188795958866e-01 4.312573446645691644e-01 1.055756362985104113e+00
3.502365461280501080e+01 7.409877241922527835e-01 4.414807681560117270e-01 1.079630570537432055e+00
3.499555672554194530e+01 7.799999713897705078e-01 4.365705639816727102e-01 1.068686587109095365e+00
3.501741974068739438e+01 8.405040408834556498e-01 4.489383336361801313e-01 1.095059524764406156e+00
3.502697976062482610e+01 9.054849194074899854e-01 4.393573955664178965e-01 1.071037312326044377e+00
3.502053075580128194e+01 9.399999976158142090e-01 4.283415245970892959e-01 1.043723950737386330e+00
3.499731590209245269e+01 9.994254346643940412e-01 4.020838462470552876e-01 9.801890217672324379e-01
3.501413494409717941e+01 1.100698283826310186e+00 3.932146167168982243e-01 9.578536095292738972e-01
3.502532231978677402e+01 1.165142416489135968e+00 3.837074303198342307e-01 9.320253729363136008e-01
3.500519287709923333e+01 1.210000038146972656e+00 3.730535761710833120e-01 9.046533096562703324e-01
3.498900891139368952e+01 1.254987483983425856e+00 3.666636255610338235e-01 8.906873101165911910e-01
3.500406978737301955e+01 1.304723524080702024e+00 3.772754041499482014e-01 9.195737635173448776e-01
3.498025552674479854e+01 1.426500385341977761e+00 3.495886958465226901e-01 8.467565054723250606e-01
3.497027239918907071e+01 1.499958441118318664e+00 3.802715442688325842e-01 9.271093978164146598e-01
3.494937909002918985e+01 1.616362011829932666e+00 4.048737345200677518e-01 9.948890858875935050e-01
3.498691216551069516e+01 1.913321737795750543e+00 4.092924940117665944e-01 1.004415909111550764e+00
3.494517598778655554e+01 2.174605218032700016e+00 4.262827041018886765e-01 1.049637866809719489e+00
3.486802578933293262e+01 3.070591257058983725e+00 4.165019051762540725e-01 1.036994953124538377e+00
3.768606090939637454e+01 2.097669780361132441e-01 4.149350741690775446e-01 1.001667174218940470e+00
3.755510856472970005e+01 3.274167823700340763e-01 4.077965836306009506e-01 9.930138601583919922e-01
3.751531087664124442e+01 3.852278941772959708e-01 4.053586581469594829e-01 9.918988927483166629e-01
3.753928353256297612e+01 4.456508744737421313e-01 4.098821052909937257e-01 1.004657992156624546e+00
3.753765202822494018e+01 4.699999988079071045e-01 4.134395159516269236e-01 1.011030553661860010e+00
3.754542725130584557e+01 5.044475778269338351e-01 4.215066886217418984e-01 1.034408183547932403e+00
3.755328250968185699e+01 5.959666351060621814e-01 4.289727165369812134e-01 1.053314041985825122e+00
3.752280819218546526e+01 6.441902650995292579e-01 4.360682597590543330e-01 1.068610847623345350e+00
3.758086060985931454e+01 7.148362171156421585e-01 4.460798938704527705e-01 1.092390369773703629e+00
3.755810912180648842e+01 7.699999809265136719e-01 4.392406508768050832e-01 1.075371349106434726e+00
3.756698169276191379e+01 8.092371632325324748e-01 4.449769586118919040e-01 1.086604418988719623e+00
3.758988855290937181e+01 8.853685836057709757e-01 4.469857897790416312e-01 1.089575479074865738e+00
3.754835616572633938e+01 9.253181901449644142e-01 4.341628276726369196e-01 1.059855587353473627e+00
3.755628851299299242e+01 9.644042169086218808e-01 4.072181760015302632e-01 9.926826518745299754e-01
3.756796491514873537e+01 1.055188201802381487e+00 3.957306755109161744e-01 9.643474155931790470e-01
3.756991295020426946e+01 1.135296157428196562e+00 3.818709419666692639e-01 9.303364943939383958e-01
3.757867247557601331e+01 1.185092011331200013e+00 3.742328085930989312e-01 9.085538948206943743e-01
3.755812384544303484e+01 1.224939607800628938e+00 3.627429394685114938e-01 8.816794964033531912e-01
3.753137885367166149e+01 1.274790999622827936e+00 3.700531847745057723e-01 9.009828646760986715e-01
3.749316811053468967e+01 1.337231863664050557e+00 3.673742468919537485e-01 8.970685807941098933e-01
3.751265287938007020e+01 1.471666999161243439e+00 3.640165919069076050e-01 8.851412841647088303e-01
3.749391686551215486e+01 1.544410543897291710e+00 4.025584412985151461e-01 9.873130640366946098e-01
3.751911693404007764e+01 1.817527066779847322e+00 3.972627420674434973e-01 9.761937900335181384e-01
3.751849767597300200e+01 2.079518915687635694e+00 4.329468721189182467e-01 1.068368513649986307e+00
3.736873728069691936e+01 2.933826027916396129e+00 4.152384752190221850e-01 1.035971716473610194e+00
4.059859908220953173e+01 2.023090806591585356e-01 4.134365538187225741e-01 9.980255005720564121e-01
4.044690750954573844e+01 3.100935373850061683e-01 4.101376560324219711e-01 1.000965814177837920e+00
4.042175982336661377e+01 3.708427230317101753e-01 4.089588534623253557e-01 1.000705282844188249e+00
4.044458336009372346e+01 4.354885206035749579e-01 4.087869322767347380e-01 1.004501350068687016e+00
4.048459381642907573e+01 4.699999988079071045e-01 4.124826477713464112e-01 1.010142245566154173e+00
4.045949373237864677e+01 4.938114226613141144e-01 4.239674155211926587e-01 1.038707275428836674e+00
4.046519962961325234e+01 5.648039803789799418e-01 4.305912281211380366e-01 1.057891080741619971e+00
4.045289923054497194e+01 6.299999952316284180e-01 4.342695917333721511e-01 1.063954854759703972e+00
4.045534577456518122e+01 6.898169177377624361e-01 4.432633387004203951e-01 1.087927962859299935e+00
4.046549417785850977e+01 7.663594436190453996e-01 4.404499521112635874e-01 1.079036685723631539e+00
4.047368177858632521e+01 7.900000214576721191e-01 4.351637806801622044e-01 1.064223352397256406e+00
4.049078215637138811e+01 8.606579673075759329e-01 4.529328052329048560e-01 1.105614935999412074e+00
4.045371619272493291e+01 9.053844204842175225e-01 4.369346842168264633e-01 1.067778784784275015e+00
4.046115938147553948e+01 9.399999976158142090e-01 4.246814417265247776e-01 1.036977443855728209e+00
4.044396573993678601e+01 9.937132633440353136e-01 4.060280108698396395e-01 9.915690003019463905e-01
4.048481947356475530e+01 1.090569477279980992e+00 3.877092629612132746e-01 9.462092132366146657e-01
4.049763430797033692e+01 1.155124426476891841e+00 3.708681300261826297e-01 9.023059324795505987e-01
4.044008402996981744e+01 1.195111126339811980e+00 3.597929245950529098e-01 8.741638322620791657e-01
4.044010780230122037e+01 1.234868447892814025e+00 3.560164071893792692e-01 8.662347500430779279e-01
4.041190766648384169e+01 1.284921850873036897e+00 3.661808097713693533e-01 8.933286039013971225e-01
4.040753737399263201e+01 1.399242064934195673e+00 3.406287529881704690e-01 8.279994628662894485e-01
4.039016923006715132e+01 1.504265971752028364e+00 3.790577171530286060e-01 9.276977236702698137e-01
4.034756266363415733e+01 1.697515400553940124e+00 3.972157362236668487e-01 9.793713439861753134e-01
4.045561474133211988e+01 2.016836072941608826e+00 4.376657861600098953e-01 1.082031284164144180e+00
4.027659810632609805e+01 2.791755685032138778e+00 4.183424452869464738e-01 1.047059438878297666e+00
4.397457378871597911e+01 1.950978299858419918e-01 4.121591616112306178e-01 9.956855246889962929e-01
4.378998424666725953e+01 2.997417164256136468e-01 4.062139161615963001e-01 9.932722388998124208e-01
4.377047558248483483e+01 3.556942793395897473e-01 4.140169846674314758e-01 1.012647432370489931e+00
4.374692512749315654e+01 4.309582463222135784e-01 4.086550656710440377e-01 1.007226248392689483e+00
4.381799918174991149e+01 4.600000083446502686e-01 4.214115639961671933e-01 1.034615352804667765e+00
4.379968733956314964e+01 4.845818271606895933e-01 4.246642992748722589e-01 1.040527628550965700e+00
4.378650432023059835e+01 5.439954511787372660e-01 4.329378603487626376e-01 1.064600644105870408e+00
4.378710886062479801e+01 6.200000047683715820e-01 4.410506729693363659e-01 1.083906625770947985e+00
4.380678327827040874e+01 6.645674601218439781e-01 4.426643605073616317e-01 1.086103078753769324e+00
4.382159243050367081e+01 7.404053861717796448e-01 4.445080011964042677e-01 1.089817908351732978e+00
4.381446729842190280e+01 7.799999713897705078e-01 4.330642779768418271e-01 1.065308840516085986e+00
4.378630200791813820e+01 8.249914144317526121e-01 4.465591972771307816e-01 1.092793747865844045e+00
4.379011207997616850e+01 8.853303952238046337e-01 4.389609599976054821e-01 1.072421946794661407e+00
4.379523408302279819e+01 9.200000166893005371e-01 4.296323541368329280e-01 1.051166185188060265e+00
4.381924379636849665e+01 9.545134221435808142e-01 4.101275704597848737e-01 1.002781599145161628e+00
4.379162517837426094e+01 1.034969726817078328e+00 3.898144828417388075e-01 9.531770556186638377e-01
4.385890388490248171e+01 1.115286335193571787e+00 3.759470974677271427e-01 9.189365576820271997e-01
4.383830036090774485e+01 1.164883498226668701e+00 3.582098777611943397e-01 8.703638752978458681e-01
4.377425268142063430e+01 1.204980892367601975e+00 3.519824279231470454e-01 8.565262873639940544e-01
4.376478636143453826e+01 1.245045094409247488e+00 3.520310639799659191e-01 8.578039868220233011e-01
4.372789879227818233e+01 1.308477354436208495e+00 3.705278220864558492e-01 9.094483856319105497e-01
4.371031167281811491e+01 1.458501207657029175e+00 3.486426056052273625e-01 8.497575590026359427e-01
4.367632908358953614e+01 1.568691009607398490e+00 4.050799707856482801e-01 1.001512583417177416e+00
4.371741647764049787e+01 1.957711982130483364e+00 4.246635065463820746e-01 1.051240238093640311e+00
4.350347843817904447e+01 2.607727032615442475e+00 4.188637202219754330e-01 1.052069992069061044e+00
4.790154651225802240e+01 1.867767471716272054e-01 4.123296481607959252e-01 9.947887491873185217e-01
4.765882968426612365e+01 2.797432617625821294e-01 4.092070648562295410e-01 1.002920513303777739e+00
4.768338518706295304e+01 3.499999940395355225e-01 4.160549304873245036e-01 1.016100169013806509e+00
4.766355166083786088e+01 4.205845154198048497e-01 4.068050052834066843e-01 1.004249859865896211e+00
4.768234538486215968e+01 4.600000083446502686e-01 4.193108058209951694e-01 1.029288619274348449e+00
4.771879388362614804e+01 4.799999892711639404e-01 4.245151842505350270e-01 1.040221829926559538e+00
4.766487662139860504e+01 5.192813515005024749e-01 4.337347784849513999e-01 1.067498620855258151e+00
4.770990010250579871e+01 6.052698600859869327e-01 4.408854047671780796e-01 1.085907648012141902e+00
4.764912904433754903e+01 6.438886123571133657e-01 4.396512691319277577e-01 1.081646940391095546e+00
4.767662729052629800e+01 7.099110201712166557e-01 4.477512703089074342e-01 1.100364715579558172e+00
4.768726277240666178e+01 7.699999809265136719e-01 4.328442741858870013e-01 1.063316581399736727e+00
4.772725527409291857e+01 7.932325855739208453e-01 4.372049213301432702e-01 1.071359545153214077e+00
4.770488195978575163e+01 8.551245130060289856e-01 4.465514222859942040e-01 1.092322430630124908e+00
4.764761253856143952e+01 8.999999761581420898e-01 4.339257353040642529e-01 1.063452228247240505e+00
4.763107211664360108e+01 9.300000071525573730e-01 4.215616600094171385e-01 1.032315916008503809e+00
4.763854720573199586e+01 9.743677513649335875e-01 3.959589678789277589e-01 9.695811142579741082e-01
4.770433118226545588e+01 1.065783179430240368e+00 3.806222260368825605e-01 9.318325503324091930e-01
4.770237315989724181e+01 1.125165865776386775e+00 3.657590705577897783e-01 8.949998319864741481e-01
4.769216496353330115e+01 1.169999957084655762e+00 3.459210990026058696e-01 8.405545735697234067e-01
4.761525297421698610e+01 1.210000038146972656e+00 3.420555945916495255e-01 8.335362704964931480e-01
4.759819449204618991e+01 1.254841563029166940e+00 3.511260513116807314e-01 8.567022763132394747e-01
4.751347654459630832e+01 1.344931597502546206e+00 3.486752120680794986e-01 8.557597174199209622e-01
4.755201963282157607e+01 1.504968960389315047e+00 3.783997657513408219e-01 9.323236302443373980e-01
4.753786004322201109e+01 1.847799312511239966e+00 4.047128104249930192e-01 1.004660028887530920e+00
4.733080037111892580e+01 2.415937870080420602e+00 4.202928953762668507e-01 1.059913759074201600e+00
5.249532261822164969e+01 1.761062899810076632e-01 4.127828434861281481e-01 9.940223833834407330e-01
5.215635270167415882e+01 2.640756759736631043e-01 4.101279205637236580e-01 1.007946844626819383e+00
5.234466041244934331e+01 3.400000035762786865e-01 4.186428036602132252e-01 1.018017111252823792e+00
5.218578668661881892e+01 4.104094367720886316e-01 4.044770617893405640e-01 1.001210874474459223e+00
5.221494548767888233e+01 4.499999880790710449e-01 4.169300895504590154e-01 1.027262730135638513e+00
5.224751933962452455e+01 4.699999988079071045e-01 4.233259650871581958e-01 1.042063730904841057e+00
5.222283686365890532e+01 5.043316683126694011e-01 4.327379053438339951e-01 1.067190266727992665e+00
5.224202176996109159e+01 5.802474285997692993e-01 4.411997016967640350e-01 1.089437758430493952e+00
5.224316239363064795e+01 6.299999952316284180e-01 4.382661377146800930e-01 1.079316810542719551e+00
5.225253044823485027e+01 6.792322606168531562e-01 4.404023795989088774e-01 1.084705626197242090e+00
5.222205797173717201e+01 7.507854153852221435e-01 4.376797503119144728e-01 1.078369093826403446e+00
5.221393845874595740e+01 7.799999713897705078e-01 4.292785217460332037e-01 1.059982558617914572e+00
5.227758417309845385e+01 8.200919045244946526e-01 4.393135694129793323e-01 1.077136955544286234e+00
5.224865132317948735e+01 8.752320952693726230e-01 4.343501748980307386e-01 1.064459099577895307e+00
5.227948584527663911e+01 9.100000262260437012e-01 4.201492574335720653e-01 1.032796316925596924e+00
5.220085778587245784e+01 9.399999976158142090e-01 4.143977491263484136e-01 1.017615563037882920e+00
5.224272622550243028e+01 9.940297345404763840e-01 3.882484808995675385e-01 9.525889034361449959e-01
5.226029510384588406e+01 1.080494715198534239e+00 3.692283648349946046e-01 9.049390727828939829e-01
5.222561942013803105e+01 1.135371000879120240e+00 3.536071932488762393e-01 8.658236583562153310e-01
5.221503346725759087e+01 1.174918667857885790e+00 3.345922048551207006e-01 8.136419681060155229e-01
5.214908247174454914e+01 1.214885864869213794e+00 3.331351701284417932e-01 8.139048156421243574e-01
5.210140689217394083e+01 1.269395093161547861e+00 3.588050980451172878e-01 8.812499142580882960e-01
5.203349371838573489e+01 1.444016558378387050e+00 3.468511591368838021e-01 8.514861573862427813e-01
5.198358927532934359e+01 1.686590166138026925e+00 4.057033876777895176e-01 1.013178193774742830e+00
5.183438004494809803e+01 2.262613583887576496e+00 4.251913770278278881e-01 1.077141454089795447e+00
5.798288221583401736e+01 1.750710557181778537e-01 4.149893240430017616e-01 1.002971158395638662e+00
5.759672981547356585e+01 2.437279002072214040e-01 4.090361234037885874e-01 1.008584445868183188e+00
5.772729921191540825e+01 3.400000035762786865e-01 4.184832070911941315e-01 1.021415634797846472e+00
5.761919127373020189e+01 3.916534751653671376e-01 4.082084337115571837e-01 1.011003555773232643e+00
5.761152127094803177e+01 4.499999880790710449e-01 4.210359645579948018e-01 1.041150407652657872e+00
5.759769516643353171e+01 4.699999988079071045e-01 4.237512136183679279e-01 1.047660578379238538e+00
5.768865894164998309e+01 4.900000095367431641e-01 4.332169407766877089e-01 1.070171675373077003e+00
5.765073234489816656e+01 5.544112903845790363e-01 4.434954232975941713e-01 1.098904988678783834e+00
5.764458359936688936e+01 6.200000047683715820e-01 4.441975210236744909e-01 1.099774219899418037e+00
5.771443915048546103e+01 6.548888465663622593e-01 4.402606319544314362e-01 1.086891456267603751e+00
5.770790995096347586e+01 7.201229320712223547e-01 4.417948402759151461e-01 1.091211404024850395e+00
5.761034852780126414e+01 7.699999809265136719e-01 4.264015550682195843e-01 1.056638063083600532e+00
5.773356392030132866e+01 7.900000214576721191e-01 4.308205443779167254e-01 1.062269299386249699e+00
5.774855590922535953e+01 8.452015904501684052e-01 4.342433788096376479e-01 1.065963518604599924e+00
5.767096579956499625e+01 8.851089911850693603e-01 4.183129111507213338e-01 1.031010740723514507e+00
5.767818177322769202e+01 9.200000166893005371e-01 4.078878011689943128e-01 1.005130718127557499e+00
5.764140851687073308e+01 9.499999880790710449e-01 3.979806751622093630e-01 9.809845851886922485e-01
5.769062756825700689e+01 1.009483526484391991e+00 3.730946169604489882e-01 9.187216720399472569e-01
5.772327001238243582e+01 1.090830051149749069e+00 3.498129404638638529e-01 8.603300768623812766e-01
5.758856462848451230e+01 1.139999985694885254e+00 3.407853163006797637e-01 8.357476263367300540e-01
5.755772196582178424e+01 1.174835997735714566e+00 3.239291360820465981e-01 7.897787747133431235e-01
5.747000354627839869e+01 1.224862387523189433e+00 3.325258848034351455e-01 8.165255618101356916e-01
5.733253592810206101e+01 1.298490766959853104e+00 3.642731889933595313e-01 9.055071921342812136e-01
5.737407060496070699e+01 1.534542430076179409e+00 3.934790024680868692e-01 9.863715504547935220e-01
5.718349200665622334e+01 2.142712933852981116e+00 4.346958480807845415e-01 1.106913932259957933e+00
6.454597698251279780e+01 1.646933263248423762e-01 4.183793617375968221e-01 1.013830859487205638e+00
6.415714888013125972e+01 2.288213407339972638e-01 4.129756163683259707e-01 1.017234968424854724e+00
6.428690006663647694e+01 3.376158228688148633e-01 4.188111686553259161e-01 1.028647729312220926e+00
6.420208392310489387e+01 3.709210337846003402e-01 4.160797265430654091e-01 1.024786063890555710e+00
6.424519781447141042e+01 4.399999976158142090e-01 4.174063413125838617e-01 1.039065010396396316e+00
64.3 0.46 0.42 1.05
6.433172776177120511e+01 4.799999892711639404e-01 4.305297005105435115e-01 1.064843891580831370e+00
6.417955089173344163e+01 5.292697783430816427e-01 4.444685745199826732e-01 1.104347331100914431e+00
6.422907540403072346e+01 6.007643947470397983e-01 4.438496401610949604e-01 1.103171355693792766e+00
6.411818349962523200e+01 6.399999856948852539e-01 4.404395270166147625e-01 1.096859517390915473e+00
6.429824136828101189e+01 6.846130944426898068e-01 4.380318541518176123e-01 1.084545089469051371e+00
6.419904469018219118e+01 7.451445646102192732e-01 4.317759866583564810e-01 1.071861469698067726e+00
6.411667625699526241e+01 7.799999713897705078e-01 4.195599353718701408e-01 1.044833370565350306e+00
6.429925453419146208e+01 8.045921292789958157e-01 4.245273176709813967e-01 1.046270555662267787e+00
6.428751778197865008e+01 8.549449407092842845e-01 4.250284878755227758e-01 1.047451336644624975e+00
6.426924091774418457e+01 8.951444184040100449e-01 4.020343859565550515e-01 9.954803910615676044e-01
6.416651130042596662e+01 9.252188565088544925e-01 3.943023028222310544e-01 9.755802829631574635e-01
6.424202080813731186e+01 9.546258340076524407e-01 3.898329649937779529e-01 9.634767645288837556e-01
6.427239052146161669e+01 1.019797614648201511e+00 3.642685325842572874e-01 9.002247096418949379e-01
6.424631659759036495e+01 1.085251297434545847e+00 3.412078812544829254e-01 8.428189253529101421e-01
6.422078025317689765e+01 1.135213754597247160e+00 3.276559394220056043e-01 8.054044574587359007e-01
6.400546649841227520e+01 1.174683565381670514e+00 3.144369249622575024e-01 7.695455091688724325e-01
6.383591998257335121e+01 1.239687743766743067e+00 3.404703226465157773e-01 8.444999737253225947e-01
6.370686323970156195e+01 1.443208783805250972e+00 3.613070752237401706e-01 9.044542900836004540e-01
6.367620176801789711e+01 2.077260419289299165e+00 4.345980412201006504e-01 1.114811819397145687e+00
7.272545446665512259e+01 1.548649381523169999e-01 4.173915906780845675e-01 1.011923208581862133e+00
7.227211983155794428e+01 2.183716842377989020e-01 4.138174265158161558e-01 1.023141297338633571e+00
7.225752309257141803e+01 3.256493549455296010e-01 4.136513664998172635e-01 1.018405286600847504e+00
7.222910140523971734e+01 3.549009962547531316e-01 4.216206315289765527e-01 1.040179016262664069e+00
7.228457388471636591e+01 4.355976208618709267e-01 4.125964939230830630e-01 1.033349769154447761e+00
7.219326750783878310e+01 4.600000083446502686e-01 4.237102132657043496e-01 1.060296007805522578e+00
7.243407136674944979e+01 4.799999892711639404e-01 4.310823872359731967e-01 1.069863755376645020e+00
7.243734163404229776e+01 5.042673951976901492e-01 4.408955641519063384e-01 1.097968334806565416e+00
7.233179562813347729e+01 5.699989020980466004e-01 4.458292806363229888e-01 1.114354768378458038e+00
7.216739453053330067e+01 6.200000047683715820e-01 4.441648902130901355e-01 1.110103014727029214e+00
7.250175366829451207e+01 6.550834837875965100e-01 4.279257328133196370e-01 1.061351562907159485e+00
7.236156323879889385e+01 7.049013071111823736e-01 4.342995599135596740e-01 1.082093772213690519e+00
7.229508611617482927e+01 7.599999904632568359e-01 4.201409177743725132e-01 1.047577109673495155e+00
7.214758940906747853e+01 7.799999713897705078e-01 4.168287379108355228e-01 1.044796941181813432e+00
7.236604870458157279e+01 8.149468735803090391e-01 4.174716948079879586e-01 1.033708572517479718e+00
7.241533722996156541e+01 8.600000143051147461e-01 4.104204689184066668e-01 1.015315204832960561e+00
7.231168040748019621e+01 8.950639963150024414e-01 3.892570772593445527e-01 9.670987314241310528e-01
7.223601272193427292e+01 9.300000071525573730e-01 3.830224222750575613e-01 9.525221894180743165e-01
7.224484266989185244e+01 9.545672946993700725e-01 3.802203985611938841e-01 9.460805631549841221e-01
7.240376337698296538e+01 1.014973263630108091e+00 3.500971912277026643e-01 8.702699798656664543e-01
7.231302927998822838e+01 1.085302774598391196e+00 3.263655730853191050e-01 8.082356511211266081e-01
7.207949778324520196e+01 1.135262314505304237e+00 3.161022701019010617e-01 7.785256440895969021e-01
7.188527732562636174e+01 1.174636014610265233e+00 3.104319166451435241e-01 7.661551505783692484e-01
7.159164877602862020e+01 1.272869270485374571e+00 3.605943628667239720e-01 9.141867525817166662e-01
7.154300769213497802e+01 1.995019729023670862e+00 4.288621190797119453e-01 1.113433150987326536e+00
8.300629690592616328e+01 1.457219806511067250e-01 4.220732853082062030e-01 1.030802662137261905e+00
8.234698293191465268e+01 2.144685531772314857e-01 4.137450067350022520e-01 1.033009932705795775e+00
8.250420925626603719e+01 3.175517673252252204e-01 4.079232667171678872e-01 1.008341838176764371e+00
8.226390763302752873e+01 3.499999940395355225e-01 4.209333690120670157e-01 1.048242475905716287e+00
8.232565560951837824e+01 4.251098493910698828e-01 4.079197757729313145e-01 1.029835304015817021e+00
8.230061303832032138e+01 4.600000083446502686e-01 4.236886492037344465e-01 1.067934493120219042e+00
82.4 0.475 0.43 1.07
8.258123852812772725e+01 4.900000095367431641e-01 4.350573697576455845e-01 1.086643954705000636e+00
8.254315553933345484e+01 5.394277597047814066e-01 4.470704255125832471e-01 1.124351750736552580e+00
8.257736960404531601e+01 6.053613266308236485e-01 4.425220950624235705e-01 1.113056505177010935e+00
8.248864101534924487e+01 6.399999856948852539e-01 4.292584575626733900e-01 1.077139683628103528e+00
8.246616284123395246e+01 6.746129479468987444e-01 4.258241656211509407e-01 1.066688050605405724e+00
8.256759034664146668e+01 7.247584101853448146e-01 4.232588293832935666e-01 1.061450706746190020e+00
8.245932294738173596e+01 7.699999809265136719e-01 4.105739141173891382e-01 1.031092217856794946e+00
8.227996831079896367e+01 7.900000214576721191e-01 4.168698719493189597e-01 1.051899278355263867e+00
8.263642554157634379e+01 8.250784292998101233e-01 4.050172530053439135e-01 1.006726046705622712e+00
8.258866356452483615e+01 8.600000143051147461e-01 3.942606973758301936e-01 9.796071390792503442e-01
8.251208624224689459e+01 8.950128014271075960e-01 3.759936528595241856e-01 9.391034100272455110e-01
8.234218724447536886e+01 9.252535901588607725e-01 3.664266157327179529e-01 9.169751731258951599e-01
8.222558144649754297e+01 9.546456081599257182e-01 3.692857162425855488e-01 9.278170278574906504e-01
8.255631259471549299e+01 1.009839756294910407e+00 3.401913957784251097e-01 8.511939934573776734e-01
8.242426325081309813e+01 1.070368532142043305e+00 3.189604724430111782e-01 7.948891352669626986e-01
8.195188581408126538e+01 1.124924689793474597e+00 3.033931587313853373e-01 7.533814092703495779e-01
8.155324790660436918e+01 1.193269127713448174e+00 3.260954869236685760e-01 8.238451073322482499e-01
8.105796876867607637e+01 1.808228587947827037e+00 4.181362518112040627e-01 1.099550850475919717e+00
9.625004177806718531e+01 1.459789469739076473e-01 4.201083561201137129e-01 1.039430982167495632e+00
9.519071743057425294e+01 2.047108291921555523e-01 4.075427035635999506e-01 1.032932495679002693e+00
9.577648873745029334e+01 3.182557157861828911e-01 4.110167519486400689e-01 1.021504664967045617e+00
9.531078196400368086e+01 3.499999940395355225e-01 4.131720706225134321e-01 1.042957819042706680e+00
9.545502060685144841e+01 4.250889651715967776e-01 4.101102111737478517e-01 1.047809061943495879e+00
9.538470850625452613e+01 4.600000083446502686e-01 4.217627674374724300e-01 1.076040344662319459e+00
95.4 0.475 0.427 1.085
9.595288268953353850e+01 4.900000095367431641e-01 4.330564581670727775e-01 1.094359389628452695e+00
9.590251488623493969e+01 5.145019747570643842e-01 4.414591798498406217e-01 1.120997272749450380e+00
9.586784059389961499e+01 5.750896651557642070e-01 4.398565298723661754e-01 1.119372866491317620e+00
9.590706886594081482e+01 6.200000047683715820e-01 4.363681384411323139e-01 1.105243411035822465e+00
9.597334154782747362e+01 6.499999761581420898e-01 4.169846019491376676e-01 1.050430965444053344e+00
9.569657550827693626e+01 6.848698877268832863e-01 4.098702264724145561e-01 1.044205515161743536e+00
9.572892457129535160e+01 7.350426247152519466e-01 4.099971585799866980e-01 1.041614801194896467e+00
9.566620564703011098e+01 7.699999809265136719e-01 3.963374523116367509e-01 1.008748994719961045e+00
9.544877876834725328e+01 7.900000214576721191e-01 4.023094417007839763e-01 1.028089764387886795e+00
9.592934724851154726e+01 8.251108025905421473e-01 3.838423267654742510e-01 9.640803375434009448e-01
9.572410149695254233e+01 8.600000143051147461e-01 3.701628588839590006e-01 9.288608921707233179e-01
9.576235478173809668e+01 8.899999856948852539e-01 3.573960712830544506e-01 9.025780186623736379e-01
9.537259106513788254e+01 9.200000166893005371e-01 3.520335500883164381e-01 8.905824103817017168e-01
9.544493821670054956e+01 9.499999880790710449e-01 3.565957398338013284e-01 9.084496678542712811e-01
9.560415960070550057e+01 9.948576625617774338e-01 3.326463907688769206e-01 8.433627171520943211e-01
9.517024726192656203e+01 1.059946443184533571e+00 3.107371942867236947e-01 7.837618878611720685e-01
9.428474430986636889e+01 1.129630485939586260e+00 3.028735051822271651e-01 7.644851609058025410e-01
9.355649048282174363e+01 1.588449914800967422e+00 4.024310375154848129e-01 1.074583905785708060e+00
1.138477699404670886e+02 1.357828062804541935e-01 4.148963215004699556e-01 1.042933210472621663e+00
1.127947002758293138e+02 2.047066778033394263e-01 4.040211543543972272e-01 1.036552114095133259e+00
1.134067201903608861e+02 3.185473569110310321e-01 4.096616252546557702e-01 1.033338855669494460e+00
1.130862239889621748e+02 3.499999940395355225e-01 4.033524142769636667e-01 1.028246775171764549e+00
1.133830148233163158e+02 4.197795483004407857e-01 4.064284082997077219e-01 1.057820050764732400e+00
1.129336096309466910e+02 4.600000083446502686e-01 4.173354751631115911e-01 1.079599196683820317e+00
113.0 0.475 0.425 1.09
113.4 0.49 0.43 1.11
1.138012803779575108e+02 5.040381423944149120e-01 4.403805004462083561e-01 1.128980181379609871e+00
1.137674645373962647e+02 5.448061247507346438e-01 4.355135197385036627e-01 1.124138186046070853e+00
1.136633457567902212e+02 6.000000238418579102e-01 4.322389965727670424e-01 1.113329779366869721e+00
1.136012687104394416e+02 6.299999952316284180e-01 4.173036156954152420e-01 1.069459022384853686e+00
1.133713179968951152e+02 6.545632894606657759e-01 4.043989192950281919e-01 1.037800924289625559e+00
1.134798980588964668e+02 6.899999976158142090e-01 3.975860383986840607e-01 1.031161398962439080e+00
1.138181914627555500e+02 7.349810484617526063e-01 3.943003330182807131e-01 1.016187380814896457e+00
1.134526335131095038e+02 7.699999809265136719e-01 3.828536447217861238e-01 9.897710873531757603e-01
1.132747530534640106e+02 7.900000214576721191e-01 3.834202762486920157e-01 9.907205148723573496e-01
1.137395944434131820e+02 8.199999928474426270e-01 3.623099896410772458e-01 9.213483972777880560e-01
1.137431012434613393e+02 8.500000238418579102e-01 3.483549885603198226e-01 8.833194354300664131e-01
1.133443901267473990e+02 8.799999952316284180e-01 3.364607478675338270e-01 8.599792885534823794e-01
1.131128106659673591e+02 9.100000262260437012e-01 3.301835002750953540e-01 8.493190428268503345e-01
1.126874612367765849e+02 9.399999976158142090e-01 3.438067588502822791e-01 8.908605855200973922e-01
1.131421867275757620e+02 9.847569437054248809e-01 3.205972953074048282e-01 8.300295788903008232e-01
1.115918762110006526e+02 1.054326558963923466e+00 3.029879041615096691e-01 7.801792288501130379e-01
1.103047012283830242e+02 1.405426756129070753e+00 3.684553236473500637e-01 9.934796375723946582e-01
1.389564757199883616e+02 1.331524317665070678e-01 4.071997669105607565e-01 1.023752293463265683e+00
1.382740130704721366e+02 2.051140525548926508e-01 4.039171431124355949e-01 1.033889496255837814e+00
1.376977308569379659e+02 3.182009483684620221e-01 4.019048726552915674e-01 1.028086391714818859e+00
1.391561808806141016e+02 3.499999940395355225e-01 4.043824430022846528e-01 1.028744665314634377e+00
1.390733280493979294e+02 4.149541084464946072e-01 4.063183380571456227e-01 1.072396926113527105e+00
1.387900889463061560e+02 4.600000083446502686e-01 4.247914950114450860e-01 1.104387330089682706e+00
138.8 0.47 0.42 1.09
1.388776804952387351e+02 4.799999892711639404e-01 4.176839364845864044e-01 1.083299527498242876e+00
139.0 0.505 0.423 1.1
1.391278554453796801e+02 5.199999809265136719e-01 4.297518067975789058e-01 1.125637501466053791e+00
1.392535938929854638e+02 5.649052257836796320e-01 4.262089986421199184e-01 1.115198257928645686e+00
1.390597408653638354e+02 6.057716586205164067e-01 4.144825158418732336e-01 1.081928719253003823e+00
1.387970699936638255e+02 6.299999952316284180e-01 4.007976523859991813e-01 1.041995194313112716e+00
1.381194591904117317e+02 6.499999761581420898e-01 3.911744156168291409e-01 1.020836121790061446e+00
1.385555339862289941e+02 6.849272888103524748e-01 3.831202666148930680e-01 1.005789806286720323e+00
1.389751642293504119e+02 7.248528968333385336e-01 3.761252155043514067e-01 9.882376018473357782e-01
1.389610894714758160e+02 7.599999904632568359e-01 3.662700731990448100e-01 9.560432230722207825e-01
1.380449631743348107e+02 7.799999713897705078e-01 3.676609041435141001e-01 9.653543305023439824e-01
1.388799988299167865e+02 8.100000023841857910e-01 3.404027012770118321e-01 8.763317856557577556e-01
1.384193702319497561e+02 8.299999833106994629e-01 3.279704137730076186e-01 8.433711894116375785e-01
1.382531429527416549e+02 8.600000143051147461e-01 3.228669586489190113e-01 8.317441808856070873e-01
1.374381529597454801e+02 8.899999856948852539e-01 3.177489049872944671e-01 8.311961535643330734e-01
1.363180016879811660e+02 9.300000071525573730e-01 3.240417670954432450e-01 8.534926530179519633e-01
1.360778853515595870e+02 9.794276840184010791e-01 3.150795038330284070e-01 8.370268283730768477e-01
1.330940607953801305e+02 1.334342776167676936e+00 3.422040035387322598e-01 9.301658119781437417e-01
1.718215842588841440e+02 1.288593699436622886e-01 4.045881198354669417e-01 1.015161582933444162e+00
1.714380424844979416e+02 2.052550013516798166e-01 4.048356244976590301e-01 1.023661893606854667e+00
1.708945393177627636e+02 3.086564389402323694e-01 3.983676488779921421e-01 1.015647590940818468e+00
1.719842637511713974e+02 3.499999940395355225e-01 4.077950834398433311e-01 1.044120516906117846e+00
1.726456903483594374e+02 4.022413152679983894e-01 4.131661254857631471e-01 1.080073796564070321e+00
1.722675460239866538e+02 4.457299564187778840e-01 4.299703991773505818e-01 1.127374204497274546e+00
172.0 0.465 0.43 1.13
172.0 0.475 0.43 1.13
172.0 0.49 0.43 1.13
1.710311617071062642e+02 5.000000000000000000e-01 4.299964232582108581e-01 1.129551479450818796e+00
1.714780649311747140e+02 5.246710979595879953e-01 4.170266122815102783e-01 1.103613192924806974e+00
1.715770877930841607e+02 5.649373279450605745e-01 4.135060883486121885e-01 1.091113234417535161e+00
1.718059085812322735e+02 6.000000238418579102e-01 4.002782330961610069e-01 1.059011767518715841e+00
1.713275926277303256e+02 6.299999952316284180e-01 3.816782271657918613e-01 1.004847338936013745e+00
1.713637685251818255e+02 6.499999761581420898e-01 3.725849087109943114e-01 9.836869286272378332e-01
1.714557991042414926e+02 6.745909045732095821e-01 3.644164668031373844e-01 9.631048480978396942e-01
1.712809342471910270e+02 7.049768848341303462e-01 3.616522451012844641e-01 9.618824046607298284e-01
1.718663829256871907e+02 7.400000095367431641e-01 3.528912202240829243e-01 9.315532497934325695e-01
1.708143191239208249e+02 7.699999809265136719e-01 3.421539938308931772e-01 8.984727453145864295e-01
1.707597356744758486e+02 7.900000214576721191e-01 3.422507912497866345e-01 8.966943067269885770e-01
1.702656085845260918e+02 8.100000023841857910e-01 3.180409001529735935e-01 8.243032121316574701e-01
1.691824686505937336e+02 8.399999737739562988e-01 3.086048883755644900e-01 8.075717811127174350e-01
1.687576249807514444e+02 8.747797565361887795e-01 3.093538449164219273e-01 8.210047090140339954e-01
1.676913308419784983e+02 9.195462099184925631e-01 3.113833296399494133e-01 8.430518385258612968e-01
1.642013657389917398e+02 1.191833400594854764e+00 3.249186474500311284e-01 8.959442537192118250e-01
